<svg width="71" height="71" viewBox="0 0 71 71" fill="none" xmlns="http://www.w3.org/2000/svg">
<path d="M32.7314 31.4242C32.7118 32.6277 31.8507 32.9539 30.8233 32.8985C30.0503 32.8561 29.7698 33.1235 29.8057 33.9129C29.8481 34.9175 29.5317 35.8373 28.3412 35.8568C27.0854 35.8797 26.6777 34.9925 26.7658 33.877C26.8343 33.042 26.4527 32.8593 25.7188 32.9017C24.6783 32.9604 23.8303 32.6017 23.8205 31.4177C23.8074 30.2565 24.6098 29.7836 25.6666 29.8847C26.6875 29.9825 26.8147 29.503 26.7723 28.6615C26.7201 27.6602 27.2224 27.0274 28.1683 26.9067C29.4632 26.9981 29.8579 27.7809 29.7992 28.8083C29.7535 29.6694 30.0373 29.9401 30.8918 29.8847C31.9388 29.8129 32.751 30.2369 32.7314 31.4242Z" fill="black"/>
<path d="M41.6424 31.3296C41.6848 32.3276 41.0879 32.7843 40.1583 32.9115C39.2222 32.8267 38.6547 32.3929 38.6612 31.3752C38.6645 30.4489 39.1896 29.9368 40.0376 29.8944C40.9607 29.852 41.5967 30.3347 41.6424 31.3296Z" fill="black"/>
<path d="M41.6326 28.3384C41.6684 27.4283 42.2001 26.9456 43.071 26.9293C44.0397 26.913 44.5942 27.4707 44.5876 28.4264C44.5844 29.3821 44.0495 29.9072 42.9992 29.9072C42.0827 29.8387 41.5934 29.3136 41.6326 28.3384Z" fill="black"/>
<path d="M44.5945 34.3629C44.6043 35.2501 44.0922 35.8143 43.2279 35.8633C42.3081 35.9122 41.6785 35.4588 41.6296 34.4477C41.5839 33.4496 42.1287 32.9734 43.068 32.8462C44.0074 32.9147 44.588 33.3844 44.5945 34.3629Z" fill="black"/>
<path d="M47.5629 31.5285C47.4715 32.4516 46.9007 32.9343 45.9483 32.8789C45.0677 32.8267 44.5719 32.2983 44.5817 31.3948C44.5915 30.4 45.1753 29.8716 46.1082 29.8911C47.0573 29.9075 47.5694 30.4913 47.5629 31.5285Z" fill="black"/>
<path d="M56.3822 42.9248C55.9614 39.3174 55.5146 35.7099 54.934 32.1253C54.024 26.4956 49.575 22.1609 43.8997 21.2345C41.1501 20.7844 38.3744 21.2052 35.4127 21.0127C33.4981 21.0127 31.3813 20.9801 29.2644 21.0193C23.8696 21.1236 18.7716 24.6528 17.1375 29.7997C15.6893 34.3596 15.1641 39.1412 15.0043 43.9098C14.8902 47.3411 17.0461 49.6635 20.435 50.4593C23.5761 51.1965 26.5148 49.8657 28.0935 46.9432C28.8143 45.6092 29.5384 44.2686 30.1223 42.8726C30.4811 42.0115 31.0062 41.7799 31.8608 41.7897C34.4114 41.8223 36.962 41.8289 39.5094 41.7832C40.3868 41.7702 40.9087 42.0637 41.2805 42.8693C41.9589 44.3436 42.6635 45.8147 43.4789 47.2172C45.1456 50.094 48.5019 51.3465 51.5973 50.3386C54.8231 49.2884 56.7801 46.3398 56.3822 42.9248ZM50.7427 47.439C48.8052 48.1109 47.0602 47.4716 46.0556 45.6124C45.1261 43.9 44.2454 42.155 43.4332 40.3839C42.8788 39.1836 42.0503 38.7498 40.7423 38.7727C37.3795 38.8248 34.0135 38.7792 30.6507 38.74C29.4471 38.7237 28.6056 39.1086 28.0739 40.2763C27.2422 42.0996 26.3257 43.887 25.37 45.6516C24.3654 47.5042 22.6302 48.1402 20.6862 47.4651C18.8238 46.8193 17.7083 45.0873 17.9725 43.1564C18.4421 39.7186 18.8988 36.2775 19.4402 32.8494C20.2426 27.7742 24.4208 24.1407 29.5906 23.9972C31.5966 23.9417 33.609 23.9874 35.615 23.9874V23.9711C37.2458 23.9711 38.8734 23.9678 40.5043 23.9711C46.8972 23.9841 50.6807 27.0371 51.8615 33.2995C52.4714 36.5482 52.9346 39.8295 53.3553 43.1075C53.6293 45.2439 52.6051 46.7932 50.7427 47.439Z" fill="#FEFEFE"/>
<path d="M32.7314 31.4242C32.7118 32.6277 31.8507 32.9539 30.8233 32.8985C30.0503 32.8561 29.7698 33.1235 29.8057 33.9129C29.8481 34.9175 29.5317 35.8373 28.3412 35.8568C27.0854 35.8797 26.6777 34.9925 26.7658 33.877C26.8343 33.042 26.4527 32.8593 25.7188 32.9017C24.6783 32.9604 23.8303 32.6017 23.8205 31.4177C23.8074 30.2565 24.6098 29.7836 25.6666 29.8847C26.6875 29.9825 26.8147 29.503 26.7723 28.6615C26.7201 27.6602 27.2224 27.0274 28.1683 26.9067C29.4632 26.9981 29.8579 27.7809 29.7992 28.8083C29.7535 29.6694 30.0373 29.9401 30.8918 29.8847C31.9388 29.8129 32.751 30.2369 32.7314 31.4242Z" fill="#FEFEFE"/>
<path d="M41.6424 31.3296C41.6848 32.3276 41.0879 32.7843 40.1583 32.9115C39.2222 32.8267 38.6547 32.3929 38.6612 31.3752C38.6645 30.4489 39.1896 29.9368 40.0376 29.8944C40.9607 29.852 41.5967 30.3347 41.6424 31.3296Z" fill="#FEFEFE"/>
<path d="M41.6326 28.3384C41.6684 27.4283 42.2001 26.9456 43.071 26.9293C44.0397 26.913 44.5942 27.4707 44.5876 28.4264C44.5844 29.3821 44.0495 29.9072 42.9992 29.9072C42.0827 29.8387 41.5934 29.3136 41.6326 28.3384Z" fill="#FEFEFE"/>
<path d="M44.5945 34.3629C44.6043 35.2501 44.0922 35.8143 43.2279 35.8633C42.3081 35.9122 41.6785 35.4588 41.6296 34.4477C41.5839 33.4496 42.1287 32.9734 43.068 32.8462C44.0074 32.9147 44.588 33.3844 44.5945 34.3629Z" fill="#FEFEFE"/>
<path d="M47.5629 31.5285C47.4715 32.4516 46.9007 32.9343 45.9483 32.8789C45.0677 32.8267 44.5719 32.2983 44.5817 31.3948C44.5915 30.4 45.1753 29.8716 46.1082 29.8911C47.0573 29.9075 47.5694 30.4913 47.5629 31.5285Z" fill="#FEFEFE"/>
<path d="M32.7314 31.4242C32.7118 32.6277 31.8507 32.9539 30.8233 32.8985C30.0503 32.8561 29.7698 33.1235 29.8057 33.9129C29.8481 34.9175 29.5317 35.8373 28.3412 35.8568C27.0854 35.8797 26.6777 34.9925 26.7658 33.877C26.8343 33.042 26.4527 32.8593 25.7188 32.9017C24.6783 32.9604 23.8303 32.6017 23.8205 31.4177C23.8074 30.2565 24.6098 29.7836 25.6666 29.8847C26.6875 29.9825 26.8147 29.503 26.7723 28.6615C26.7201 27.6602 27.2224 27.0274 28.1683 26.9067C29.4632 26.9981 29.8579 27.7809 29.7992 28.8083C29.7535 29.6694 30.0373 29.9401 30.8918 29.8847C31.9388 29.8129 32.751 30.2369 32.7314 31.4242Z" fill="#FEFEFE"/>
<path d="M44.5945 34.3629C44.6043 35.2501 44.0922 35.8143 43.2279 35.8633C42.3081 35.9122 41.6785 35.4588 41.6296 34.4477C41.5839 33.4496 42.1287 32.9734 43.068 32.8462C44.0074 32.9147 44.588 33.3844 44.5945 34.3629Z" fill="#FEFEFE"/>
<path d="M41.6424 31.3296C41.6848 32.3276 41.0879 32.7843 40.1583 32.9115C39.2222 32.8267 38.6547 32.3929 38.6612 31.3752C38.6645 30.4489 39.1896 29.9368 40.0376 29.8944C40.9607 29.852 41.5967 30.3347 41.6424 31.3296Z" fill="#FEFEFE"/>
<path d="M47.5629 31.5285C47.4715 32.4516 46.9007 32.9343 45.9483 32.8789C45.0677 32.8267 44.5719 32.2983 44.5817 31.3948C44.5915 30.4 45.1753 29.8716 46.1082 29.8911C47.0573 29.9075 47.5694 30.4913 47.5629 31.5285Z" fill="#FEFEFE"/>
<path d="M44.5876 28.4264C44.5844 29.3821 44.0495 29.9072 42.9992 29.9072C42.0827 29.8387 41.5934 29.3136 41.6326 28.3384C41.6684 27.4283 42.2001 26.9456 43.071 26.9293C44.0397 26.913 44.5942 27.4707 44.5876 28.4264Z" fill="#FEFEFE"/>
</svg>
