<svg width="71" height="71" viewBox="0 0 71 71" fill="none" xmlns="http://www.w3.org/2000/svg">
<path d="M32.7302 31.4233C32.7107 32.6268 31.8496 32.953 30.8223 32.8975C30.0493 32.8551 29.7688 33.1225 29.8047 33.9118C29.8471 34.9163 29.5308 35.8361 28.3403 35.8556C27.0847 35.8785 26.677 34.9913 26.7651 33.8759C26.8335 33.041 26.452 32.8584 25.7181 32.9008C24.6777 32.9595 23.8298 32.6007 23.82 31.4168C23.8069 30.2557 24.6092 29.7828 25.666 29.8839C26.6868 29.9818 26.814 29.5024 26.7716 28.6609C26.7194 27.6596 27.2217 27.0269 28.1675 26.9062C29.4623 26.9976 29.8569 27.7803 29.7982 28.8077C29.7525 29.6687 30.0363 29.9394 30.8908 29.8839C31.9377 29.8122 32.7498 30.2362 32.7302 31.4233Z" fill="black"/>
<path d="M41.6402 31.3287C41.6826 32.3267 41.0858 32.7833 40.1562 32.9105C39.2202 32.8257 38.6527 32.3919 38.6592 31.3744C38.6625 30.4481 39.1876 29.9361 40.0356 29.8937C40.9585 29.8513 41.5945 30.334 41.6402 31.3287Z" fill="black"/>
<path d="M41.6306 28.338C41.6665 27.4281 42.1981 26.9454 43.0689 26.9291C44.0375 26.9128 44.592 27.4705 44.5855 28.4261C44.5822 29.3817 44.0473 29.9067 42.9971 29.9067C42.0807 29.8383 41.5915 29.3132 41.6306 28.338Z" fill="black"/>
<path d="M44.5923 34.362C44.6021 35.2491 44.0901 35.8134 43.2258 35.8623C42.306 35.9112 41.6766 35.4579 41.6277 34.4468C41.582 33.4488 42.1267 32.9727 43.066 32.8455C44.0053 32.9139 44.5858 33.3836 44.5923 34.362Z" fill="black"/>
<path d="M47.5602 31.5277C47.4689 32.4506 46.8981 32.9333 45.9458 32.8779C45.0652 32.8257 44.5695 32.2974 44.5792 31.3939C44.589 30.3992 45.1728 29.8708 46.1056 29.8904C47.0547 29.9067 47.5667 30.4905 47.5602 31.5277Z" fill="black"/>
<path d="M56.3789 42.9231C55.9582 39.3159 55.5114 35.7088 54.9308 32.1245C54.0209 26.4952 49.5723 22.1608 43.8974 21.2345C41.148 20.7844 38.3725 21.2052 35.4111 21.0127C33.4967 21.0127 31.38 20.9801 29.2633 21.0193C23.8689 21.1236 18.7713 24.6525 17.1373 29.799C15.6892 34.3585 15.1641 39.1398 15.0043 43.908C14.8902 47.339 17.046 49.6612 20.4346 50.457C23.5754 51.1941 26.5139 49.8634 28.0925 46.9412C28.8132 45.6072 29.5373 44.2668 30.1211 42.8709C30.4798 42.0099 31.0049 41.7783 31.8594 41.7881C34.4099 41.8207 36.9603 41.8272 39.5075 41.7816C40.3848 41.7685 40.9066 42.062 41.2784 42.8676C41.9568 44.3418 42.6613 45.8127 43.4767 47.2151C45.1433 50.0917 48.4993 51.3441 51.5944 50.3363C54.8199 49.2861 56.7768 46.3378 56.3789 42.9231ZM50.7399 47.4369C48.8026 48.1087 47.0577 47.4695 46.0532 45.6105C45.1237 43.8982 44.2431 42.1534 43.431 40.3824C42.8766 39.1822 42.0481 38.7484 40.7403 38.7713C37.3778 38.8234 34.012 38.7778 30.6494 38.7386C29.446 38.7223 28.6045 39.1072 28.0729 40.2748C27.2412 42.0979 26.3248 43.8852 25.3692 45.6496C24.3646 47.5021 22.6296 48.1381 20.6857 47.463C18.8235 46.8172 17.7081 45.0854 17.9722 43.1546C18.4419 39.7171 18.8985 36.2763 19.4399 32.8485C20.2422 27.7737 24.4201 24.1405 29.5895 23.997C31.5952 23.9415 33.6075 23.9872 35.6133 23.9872V23.9709C37.244 23.9709 38.8715 23.9676 40.5022 23.9709C46.8946 23.9839 50.6779 27.0366 51.8585 33.2986C52.4684 36.547 52.9316 39.828 53.3523 43.1057C53.6262 45.2419 52.6021 46.7911 50.7399 47.4369Z" fill="black"/>
<path d="M32.7302 31.4233C32.7107 32.6268 31.8496 32.953 30.8223 32.8975C30.0493 32.8551 29.7688 33.1225 29.8047 33.9118C29.8471 34.9163 29.5308 35.8361 28.3403 35.8556C27.0847 35.8785 26.677 34.9913 26.7651 33.8759C26.8335 33.041 26.452 32.8584 25.7181 32.9008C24.6777 32.9595 23.8298 32.6007 23.82 31.4168C23.8069 30.2557 24.6092 29.7828 25.666 29.8839C26.6868 29.9818 26.814 29.5024 26.7716 28.6609C26.7194 27.6596 27.2217 27.0269 28.1675 26.9062C29.4623 26.9976 29.8569 27.7803 29.7982 28.8077C29.7525 29.6687 30.0363 29.9394 30.8908 29.8839C31.9377 29.8122 32.7498 30.2362 32.7302 31.4233Z" fill="black"/>
<path d="M41.6402 31.3287C41.6826 32.3267 41.0858 32.7833 40.1562 32.9105C39.2202 32.8257 38.6527 32.3919 38.6592 31.3744C38.6625 30.4481 39.1876 29.9361 40.0356 29.8937C40.9585 29.8513 41.5945 30.334 41.6402 31.3287Z" fill="black"/>
<path d="M41.6306 28.338C41.6665 27.4281 42.1981 26.9454 43.0689 26.9291C44.0375 26.9128 44.592 27.4705 44.5855 28.4261C44.5822 29.3817 44.0473 29.9067 42.9971 29.9067C42.0807 29.8383 41.5915 29.3132 41.6306 28.338Z" fill="black"/>
<path d="M44.5923 34.362C44.6021 35.2491 44.0901 35.8134 43.2258 35.8623C42.306 35.9112 41.6766 35.4579 41.6277 34.4468C41.582 33.4488 42.1267 32.9727 43.066 32.8455C44.0053 32.9139 44.5858 33.3836 44.5923 34.362Z" fill="black"/>
<path d="M47.5602 31.5277C47.4689 32.4506 46.8981 32.9333 45.9458 32.8779C45.0652 32.8257 44.5695 32.2974 44.5792 31.3939C44.589 30.3992 45.1728 29.8708 46.1056 29.8904C47.0547 29.9067 47.5667 30.4905 47.5602 31.5277Z" fill="black"/>
<path d="M32.7302 31.4233C32.7107 32.6268 31.8496 32.953 30.8223 32.8975C30.0493 32.8551 29.7688 33.1225 29.8047 33.9118C29.8471 34.9163 29.5308 35.8361 28.3403 35.8556C27.0847 35.8785 26.677 34.9913 26.7651 33.8759C26.8335 33.041 26.452 32.8584 25.7181 32.9008C24.6777 32.9595 23.8298 32.6007 23.82 31.4168C23.8069 30.2557 24.6092 29.7828 25.666 29.8839C26.6868 29.9818 26.814 29.5024 26.7716 28.6609C26.7194 27.6596 27.2217 27.0269 28.1675 26.9062C29.4623 26.9976 29.8569 27.7803 29.7982 28.8077C29.7525 29.6687 30.0363 29.9394 30.8908 29.8839C31.9377 29.8122 32.7498 30.2362 32.7302 31.4233Z" fill="url(#paint0_linear_3544_475)"/>
<path d="M44.5923 34.362C44.6021 35.2491 44.0901 35.8134 43.2258 35.8623C42.306 35.9112 41.6766 35.4579 41.6277 34.4468C41.582 33.4488 42.1267 32.9727 43.066 32.8455C44.0053 32.9139 44.5858 33.3836 44.5923 34.362Z" fill="url(#paint1_linear_3544_475)"/>
<path d="M41.6402 31.3287C41.6826 32.3267 41.0858 32.7833 40.1562 32.9105C39.2202 32.8257 38.6527 32.3919 38.6592 31.3744C38.6625 30.4481 39.1876 29.9361 40.0356 29.8937C40.9585 29.8513 41.5945 30.334 41.6402 31.3287Z" fill="url(#paint2_linear_3544_475)"/>
<path d="M47.5602 31.5277C47.4689 32.4506 46.8981 32.9333 45.9458 32.8779C45.0652 32.8257 44.5695 32.2974 44.5792 31.3939C44.589 30.3992 45.1728 29.8708 46.1056 29.8904C47.0547 29.9067 47.5667 30.4905 47.5602 31.5277Z" fill="url(#paint3_linear_3544_475)"/>
<path d="M44.5855 28.4261C44.5822 29.3817 44.0473 29.9067 42.9971 29.9067C42.0807 29.8383 41.5915 29.3132 41.6306 28.338C41.6665 27.4281 42.1981 26.9454 43.0689 26.9291C44.0375 26.9128 44.592 27.4705 44.5855 28.4261Z" fill="url(#paint4_linear_3544_475)"/>
<defs>
<linearGradient id="paint0_linear_3544_475" x1="28.2752" y1="26.9062" x2="28.2752" y2="35.8561" gradientUnits="userSpaceOnUse">
<stop stop-color="#008D1E"/>
<stop offset="1" stop-color="#04CB3A"/>
</linearGradient>
<linearGradient id="paint1_linear_3544_475" x1="43.1087" y1="32.8455" x2="43.1087" y2="35.8659" gradientUnits="userSpaceOnUse">
<stop stop-color="#008D1E"/>
<stop offset="1" stop-color="#04CB3A"/>
</linearGradient>
<linearGradient id="paint2_linear_3544_475" x1="40.1507" y1="29.8911" x2="40.1507" y2="32.9105" gradientUnits="userSpaceOnUse">
<stop stop-color="#008D1E"/>
<stop offset="1" stop-color="#04CB3A"/>
</linearGradient>
<linearGradient id="paint3_linear_3544_475" x1="46.0697" y1="29.8899" x2="46.0697" y2="32.8822" gradientUnits="userSpaceOnUse">
<stop stop-color="#008D1E"/>
<stop offset="1" stop-color="#04CB3A"/>
</linearGradient>
<linearGradient id="paint4_linear_3544_475" x1="43.107" y1="26.9287" x2="43.107" y2="29.9067" gradientUnits="userSpaceOnUse">
<stop stop-color="#008D1E"/>
<stop offset="1" stop-color="#04CB3A"/>
</linearGradient>
</defs>
</svg>
